11

9 11
3
4 4 3
2 7 1
9 8 1
2 4
6 8
6 1
8 6

9 11
3
4 4 3
2 7 1
9 8 1
5 4
5 5
2 8
8 6

9 11
3
4 4 3
2 7 1
9 8 1
5 4
5 5
2 8
8 6

9 11
3
4 4 3
2 7 3
4 1 2
1 1
1 2
0 0
8 6

8 14
2
3 4 3
10 2 2
2 2
4 2
6 2
14 8

8 14
3
3 4 3
8 3 1
8 1 1
2 2
4 2
6 2
14 8


100 80
100
79 87 2095642532
60 48 1221051580
4 17 843462304
32 31 1164954661
70 76 366137514
55 49 1457911745
18 52 722266580
34 35 1945095622
61 12 764389379
58 93 1819659891
44 55 1127606777
59 15 1521989131
42 75 1185400497
40 31 766680121
15 22 1304192154
30 64 1115982730
49 90 1543177839
50 5 308479992
63 40 1918127935
21 97 2096224326
76 17 173937002
92 15 1847524822
66 74 1037822896
63 69 1579714300
51 29 1853130228
14 92 984128229
71 43 1818654294
42 44 266812943
82 13 372103776
45 9 225262127
62 29 397147079
43 27 835917517
17 15 615141372
86 46 578280949
82 50 1890290909
73 2 622341472
82 85 379828029
26 15 1885017162
5 96 640553549
82 5 1705793864
10 35 457947056
3 7 172103550
19 71 222768830
65 66 1795343392
82 91 1361540061
50 66 225550992
34 88 1650842563
49 81 738141668
10 15 2090895597
15 98 1184781341
17 25 116023225
91 80 1206041899
62 78 2007394891
94 59 1410421448
50 26 994835870
15 6 466284738
70 94 808896281
50 96 1693841145
65 22 1240448625
62 55 1968306146
87 35 1955192186
33 93 1598253826
10 53 1733408583
36 32 828314180
28 8 1608735214
34 67 1669995300
28 74 1634435908
90 82 1881885069
11 3 2392649
33 36 931479493
68 51 2079972170
26 82 1758334087
79 70 138668796
77 86 1738712423
86 29 1911357415
18 89 2018143834
58 29 137139024
5 40 66669197
9 100 397392373
45 24 1072720502
96 77 1129951276
44 82 685107920
80 20 944232335
66 35 1767235762
61 86 269572355
15 64 1741045279
44 76 205488329
84 83 766765082
84 78 823749389
74 85 1616889874
16 91 819525387
98 65 386848116
84 31 1917111886
18 76 701274336
70 98 1862616943
33 71 567423977
9 62 633174386
92 11 1546820431
35 66 895279884
87 96 828429044
70 16
32 77
7 73
19 97

100 80
3
74 39 17
93 80 1
8 79 26
11 56
56 60
62 23
40 12

100 80
50
39 28 36
40 88 31
9 58 23
85 87 35
33 38 25
13 13 29
72 83 32
21 3 12
47 20 11
44 98 21
38 29 31
25 36 13
50 91 26
36 37 46
74 59 5
53 66 39
36 95 39
5 32 45
92 97 16
89 83 35
18 57 47
20 70 7
77 22 40
80 84 12
39 62 14
71 7 39
31 31 14
64 27 43
26 10 14
8 40 44
66 80 17
35 23 18
24 93 30
74 11 28
36 33 1
9 28 22
40 42 26
33 59 42
43 81 36
49 60 23
28 28 21
18 81 16
10 87 19
22 69 7
55 30 28
49 31 38
91 35 25
15 3 30
62 2 2
22 26 7
25 6
0 16
64 90
22 18

100 80
50
21 43 17
91 24 18
71 29 17
89 56 6
37 81 24
61 59 11
69 44 19
89 2 7
97 72 22
65 12 10
74 71 22
98 97 5
93 17 13
48 4 6
95 82 4
19 67 10
30 100 12
32 29 15
70 55 4
82 63 29
53 57 27
49 38 26
33 9 29
3 17 12
86 13 25
18 12 10
84 73 10
12 1 18
68 18 6
30 31 26
54 75 3
92 93 5
68 75 20
85 49 6
99 37 13
10 20 12
49 90 7
50 88 9
68 18 19
99 17 28
40 99 16
32 65 6
6 81 17
55 95 1
59 12 8
79 82 29
68 35 20
56 73 22
74 22 14
57 5 20
85 16
22 22
87 85
42 54

100 80
50
48 12 2
42 69 6
90 76 3
37 20 3
48 30 1
68 89 6
62 17 7
45 24 6
43 46 2
81 92 1
59 52 9
27 100 3
70 26 4
56 94 9
87 23 7
41 49 8
58 54 6
48 20 0
94 67 0
51 65 3
2 51 5
2 85 2
95 26 5
88 58 7
11 26 3
26 43 6
46 93 0
33 71 2
100 28 7
64 61 0
81 7 6
31 79 9
58 78 6
15 79 3
8 70 3
17 12 0
9 97 0
81 70 5
75 25 6
35 6 0
8 38 8
87 5 1
31 75 2
9 38 7
79 90 9
58 84 2
20 4 7
90 71 2
81 70 8
87 34 5
95 68
76 92
97 70
77 63
