100 80
100
32 8 1
68 15 1
8 54 2
70 69 1
3 14 0
77 97 1
53 88 3
11 48 1
21 13 3
12 59 2
87 70 4
1 81 4
21 61 3
56 7 3
71 70 3
67 75 1
54 31 2
2 30 2
82 36 1
40 22 4
10 96 0
57 1 3
17 40 2
92 54 3
61 36 4
1 89 0
32 84 0
62 65 2
64 90 3
86 69 3
48 94 1
49 37 3
55 15 3
8 14 3
11 69 1
100 95 2
83 18 2
13 97 1
69 43 2
37 37 1
30 5 4
34 15 4
49 83 1
29 33 2
98 75 3
58 77 0
77 46 0
73 13 0
83 43 4
19 3 3
91 49 1
6 42 4
55 50 4
88 12 4
62 50 4
4 32 3
16 46 0
29 42 1
39 17 1
42 61 4
91 8 2
99 86 3
48 29 1
26 21 1
77 42 4
75 26 2
21 2 0
63 88 4
47 46 3
7 52 1
82 78 2
67 61 2
62 15 0
83 25 0
24 88 0
51 12 0
19 6 1
7 51 3
19 91 0
71 35 0
15 55 3
42 98 4
57 38 1
48 93 1
2 39 0
81 97 2
87 95 2
37 80 0
94 27 0
28 89 4
49 57 1
46 6 4
50 90 0
8 1 3
48 29 3
10 13 3
71 49 3
50 3 1
43 98 0
31 10 4
60 4
54 88
61 92
64 66
